Empresa	ICO	ICK
A	57,74	68,76
A	50,21	66,49
A	58,59	64,38
A	56,38	65,77
A	59,33	65,89
A	54,65	68,28
A	57,27	65,73
A	56,39	68,40
A	53,32	67,12
A	62,63	67,34
A	53,94	67,52
A	59,05	66,65
A	58,58	67,08
A	71,24	65,10
A	71,90	69,25
A	63,86	69,19
A	64,74	66,80
A	68,80	66,72
A	53,21	70,27
A	63,43	68,52
A	100,75	36,11
A	31,97	71,27
A	33,72	71,03
A	55,92	69,76
A	69,03	66,61
A	55,44	75,55
A	46,32	79,97
A	55,86	80,54
A	58,84	74,01
A	57,45	74,10
A	70,83	69,95
A	58,65	68,28
A	63,27	69,52
A	56,30	69,53
A	54,01	69,24
A	55,13	70,95
A	43,83	71,85
A	39,25	75,77
A	28,26	96,58
A	26,14	97,73
A	18,49	98,10
A	21,43	96,35
A	18,93	96,70
A	11,44	97,42
A	11,71	97,63
A	8,03	97,74
A	7,27	97,56
A	1,73	97,42
A	3,71	97,04
A	2,43	97,09
A	1,12	97,39
A	3,93	97,48
A	4,04	95,73
A	4,07	96,66
A	2,19	98,04
A	2,86	97,68
A	3,52	97,60
A	2,66	98,26
A	3,05	98,01
A	2,80	97,94
A	2,66	98,17
A	5,98	96,65
A	7,60	90,19
A	22,06	95,72
A	19,67	94,37
A	24,13	96,82
A	24,27	97,74
A	21,33	97,52
A	21,86	97,77
A	31,55	96,75
A	33,22	96,49
A	22,46	95,61
A	23,41	96,47
A	21,89	94,35
A	26,86	94,46
A	26,59	94,23
A	21,02	93,03
A	18,80	95,02
A	13,67	98,63
A	16,85	99,00
A	19,90	99,12
A	15,35	98,90
A	17,69	98,70
A	25,98	98,69
A	22,92	98,36
A	21,88	98,08
A	17,11	97,16
A	24,84	97,13
A	19,39	97,12
A	15,61	96,28
A	15,49	96,82
A	15,60	98,30
A	12,91	97,50
A	13,37	97,02
A	18,43	97,28
A	9,02	96,99
A	8,30	96,50
A	2,37	97,66
A	1,83	97,14
A	2,51	96,16
A	3,64	96,23
A	2,78	95,13
A	3,56	95,29
A	5,11	95,63
B	45,93	68,71
B	40,71	69,86
B	27,94	68,50
B	31,40	68,75
B	34,50	68,02
B	34,00	71,37
B	39,23	69,46
B	37,23	72,47
B	43,75	69,46
B	33,12	70,73
B	55,51	69,41
B	46,76	70,43
B	44,20	69,85
B	38,35	67,04
B	39,96	71,32
B	35,50	70,24
B	32,51	67,60
B	27,35	68,65
B	18,27	72,43
B	35,05	70,59
B	59,90	38,35
B	35,40	73,05
B	22,09	73,94
B	40,81	74,32
B	29,93	73,55
B	26,33	83,17
B	22,49	85,21
B	26,96	89,37
B	28,21	79,68
B	33,02	78,53
B	28,96	71,48
B	24,23	71,59
B	20,96	76,81
B	23,05	77,57
B	27,91	75,22
B	20,22	76,87
B	25,34	81,09
B	21,40	86,17
B	17,89	91,28
B	26,00	93,34
B	7,72	94,91
B	13,42	91,75
B	15,62	91,80
B	13,15	96,69
B	6,74	96,67
B	6,23	97,41
B	2,57	96,72
B	1,76	96,27
B	1,40	95,06
B	1,05	95,07
B	1,11	96,46
B	1,72	96,33
B	1,86	95,24
B	1,83	95,22
B	2,56	92,95
B	1,92	96,22
B	3,23	95,12
B	1,44	98,31
B	1,09	97,66
B	2,52	97,35
B	3,98	98,07
B	5,91	96,94
B	6,37	91,38
B	18,46	95,05
B	18,66	93,06
B	15,19	94,89
B	15,02	95,39
B	21,42	96,05
B	28,15	96,27
B	32,90	92,48
B	26,02	92,56
B	42,32	91,00
B	30,66	93,46
B	20,39	92,23
B	29,24	93,75
B	37,22	92,00
B	24,57	90,66
B	18,33	90,42
B	34,87	96,05
B	34,32	97,59
B	37,73	98,23
B	17,26	97,76
B	19,48	97,47
B	15,27	97,30
B	18,79	96,99
B	13,52	97,17
B	18,18	96,55
B	15,04	96,10
B	11,64	96,37
B	20,05	95,27
B	23,38	94,98
B	12,08	97,17
B	10,89	94,96
B	8,76	95,23
B	16,26	94,97
B	10,53	95,07
B	4,71	89,15
B	0,58	92,50
B	0,34	95,58
B	4,19	92,95
B	1,81	91,14
B	1,19	94,55
B	1,18	94,41
B	4,02	95,01
C	24,94	84,49
C	25,01	84,31
C	16,31	79,23
C	17,77	80,22
C	22,95	80,85
C	25,84	82,88
C	25,62	81,43
C	24,01	83,31
C	31,65	82,77
C	24,34	81,37
C	27,68	82,25
C	33,03	82,20
C	30,78	82,63
C	31,19	78,19
C	28,09	81,72
C	27,47	83,21
C	39,41	79,56
C	18,35	79,41
C	18,59	82,67
C	24,49	79,73
C	25,76	43,66
C	13,94	84,80
C	17,64	81,64
C	13,59	81,46
C	25,82	77,44
C	17,19	82,85
C	19,83	90,24
C	28,25	91,35
C	22,62	87,43
C	20,53	86,39
C	23,14	76,61
C	21,45	76,30
C	29,17	76,64
C	26,41	77,48
C	34,45	77,05
C	23,51	78,57
C	30,64	81,24
C	20,71	86,87
C	11,67	97,72
C	12,98	98,14
C	18,10	98,35
C	10,84	97,73
C	15,14	98,23
C	10,40	98,77
C	12,70	98,46
C	15,91	98,70
C	10,79	98,57
C	0,57	98,59
C	1,61	97,79
C	1,93	97,75
C	1,05	96,67
C	2,32	97,46
C	3,89	95,84
C	4,96	95,04
C	3,77	97,38
C	4,42	97,11
C	5,05	97,40
C	5,61	98,64
C	3,09	98,20
C	2,67	97,17
C	3,43	97,64
C	5,18	94,95
C	5,56	90,50
C	19,20	92,16
C	21,93	94,38
C	30,79	90,61
C	31,83	92,13
C	27,34	92,18
C	34,44	92,03
C	22,22	90,77
C	15,90	92,21
C	22,76	90,47
C	25,01	94,32
C	24,37	94,51
C	19,80	94,62
C	31,84	94,76
C	36,76	92,48
C	20,24	90,93
C	26,69	96,47
C	30,82	98,19
C	21,83	98,42
C	27,21	98,04
C	22,37	97,70
C	27,36	97,08
C	27,92	96,18
C	24,03	96,45
C	25,79	93,68
C	20,59	92,62
C	24,57	89,23
C	25,01	86,12
C	16,02	88,10
C	20,12	89,82
C	16,50	87,62
C	17,78	90,98
C	18,95	91,87
C	39,03	90,64
C	19,72	91,48
C	4,09	91,24
C	1,68	91,50
C	0,81	88,91
C	3,67	87,79
C	2,31	89,73
C	2,65	90,59
C	7,70	92,33
D	18,94	97,44
D	18,56	98,15
D	21,02	96,38
D	14,23	97,94
D	18,18	97,69
D	18,85	97,54
D	19,03	96,22
D	16,10	96,88
D	16,98	97,06
D	19,14	97,15
D	16,71	97,47
D	16,57	96,17
D	19,51	95,69
D	19,76	92,76
D	21,56	95,78
D	20,67	94,34
D	25,23	93,66
D	15,65	93,20
D	20,62	93,00
D	30,28	91,70
D	34,22	49,97
D	15,12	93,50
D	15,81	90,71
D	24,91	90,39
D	26,25	86,26
D	19,43	90,83
D	15,79	96,89
D	17,10	97,53
D	21,10	95,81
D	25,08	95,82
D	18,68	94,53
D	19,14	93,88
D	19,31	95,47
D	16,43	96,27
D	25,65	93,05
D	19,64	92,60
D	17,58	95,94
D	15,18	95,39
D	15,64	98,74
D	13,78	99,14
D	14,42	99,20
D	17,45	94,46
D	17,72	99,04
D	13,09	99,08
D	6,01	99,23
D	6,52	99,25
D	5,68	99,25
D	0,72	98,98
D	2,01	98,74
D	0,48	98,34
D	0,21	98,14
D	1,32	98,79
D	1,58	97,86
D	5,46	97,94
D	2,55	97,96
D	3,94	97,83
D	2,14	99,09
D	4,03	99,01
D	3,08	98,70
D	3,78	98,31
D	4,26	98,87
D	3,97	97,89
D	9,26	93,28
D	25,44	97,21
D	20,83	96,37
D	21,53	97,69
D	26,62	97,86
D	24,77	97,23
D	19,65	97,01
D	18,90	96,69
D	18,22	96,75
D	18,72	96,77
D	19,76	96,37
D	18,26	95,45
D	14,53	97,05
D	14,37	96,80
D	16,99	96,15
D	22,72	94,05
D	18,74	97,19
D	16,23	99,01
D	16,78	98,99
D	15,84	99,07
D	15,47	98,61
D	13,50	98,40
D	16,44	98,62
D	19,43	98,77
D	17,86	98,16
D	21,46	98,17
D	20,04	98,04
D	20,93	96,93
D	20,19	97,20
D	19,39	97,20
D	18,02	97,66
D	12,52	97,46
D	14,20	97,60
D	12,99	96,24
D	7,25	95,30
D	1,72	96,20
D	2,12	96,94
D	3,18	97,15
D	2,18	94,63
D	2,92	94,63
D	5,33	95,14
D	3,12	96,65
E	45,22	62,54
E	32,38	61,53
E	37,36	60,41
E	41,98	57,03
E	43,26	55,10
E	55,80	53,79
E	49,40	50,21
E	47,89	50,47
E	32,51	56,05
E	59,73	55,61
E	47,12	56,41
E	67,96	50,56
E	65,43	56,26
E	67,05	57,12
E	53,96	60,42
E	72,23	60,74
E	74,03	56,72
E	52,58	57,76
E	43,99	61,11
E	64,32	57,69
E	90,66	32,44
E	30,24	61,30
E	39,01	63,03
E	47,94	63,04
E	51,70	59,45
E	39,99	69,93
E	34,26	78,51
E	38,99	79,40
E	38,90	70,77
E	33,75	70,77
E	29,38	64,01
E	42,52	64,84
E	43,42	65,43
E	37,30	66,34
E	42,10	63,61
E	33,94	64,53
E	31,99	68,46
E	28,05	72,07
E	24,43	93,70
E	24,90	95,78
E	20,45	95,46
E	23,90	92,34
E	26,74	94,59
E	21,08	96,27
E	22,44	94,92
E	13,20	93,00
E	11,58	88,80
E	1,88	88,69
E	1,17	89,47
E	1,48	88,94
E	1,61	88,13
E	4,30	89,69
E	1,95	87,04
E	3,99	86,31
E	1,06	92,64
E	1,75	92,75
E	3,21	91,39
E	3,23	94,63
E	2,84	90,98
E	1,46	91,80
E	5,04	91,52
E	10,78	86,33
E	12,15	82,12
E	19,33	84,32
E	20,77	84,80
E	21,96	85,55
E	17,83	85,67
E	17,28	87,40
E	21,20	86,94
E	30,54	85,52
E	16,87	85,57
E	28,73	84,15
E	17,12	83,98
E	17,78	91,44
E	22,80	90,38
E	15,34	93,53
E	17,17	92,81
E	18,09	90,84
E	15,82	92,00
E	19,81	96,04
E	22,95	96,39
E	14,39	97,79
E	15,80	97,64
E	22,26	96,63
E	15,70	97,22
E	18,50	96,23
E	15,49	94,48
E	14,03	95,28
E	14,37	95,54
E	12,61	93,18
E	11,79	93,82
E	15,51	94,46
E	10,88	94,38
E	6,50	96,02
E	10,65	95,70
E	13,07	93,78
E	13,99	95,02
E	1,82	93,85
E	1,60	94,72
E	1,53	93,32
E	4,18	89,46
E	3,29	91,15
E	5,34	89,94
E	2,82	89,73
F	56,72	60,81
F	72,05	60,56
F	75,51	55,92
F	87,73	56,29
F	58,12	57,44
F	64,59	61,46
F	66,34	57,89
F	67,14	62,00
F	70,13	58,42
F	64,07	58,65
F	61,68	59,70
F	59,33	59,81
F	63,51	58,91
F	54,76	60,92
F	50,66	64,38
F	62,14	67,39
F	77,65	66,48
F	87,03	65,05
F	52,63	69,20
F	54,80	68,39
F	108,72	36,31
F	55,19	70,48
F	38,93	69,63
F	44,03	68,48
F	68,79	64,39
F	51,46	75,35
F	40,92	82,88
F	49,86	83,04
F	60,21	72,30
F	65,76	70,59
F	47,03	67,88
F	52,90	67,17
F	47,72	67,69
F	47,27	67,28
F	49,67	66,97
F	41,18	68,48
F	43,56	68,98
F	43,02	72,29
F	24,85	95,98
F	42,71	98,03
F	27,75	98,16
F	44,03	96,97
F	39,76	96,55
F	17,87	95,57
F	20,63	94,90
F	15,92	97,16
F	7,09	96,00
F	0,37	96,30
F	1,02	95,75
F	1,38	95,15
F	4,61	94,10
F	2,29	95,17
F	3,63	93,36
F	5,79	94,87
F	2,42	96,91
F	5,18	96,60
F	6,37	98,02
F	6,93	98,24
F	5,38	96,81
F	5,04	96,31
F	5,36	97,38
F	12,32	95,62
F	13,13	89,51
F	28,44	95,31
F	26,62	93,77
F	27,17	96,61
F	36,61	96,57
F	39,45	96,91
F	27,58	97,08
F	22,60	96,30
F	21,65	97,09
F	34,47	94,48
F	33,16	95,69
F	31,40	92,30
F	30,26	94,56
F	27,81	96,42
F	35,47	94,89
F	22,59	94,69
F	38,53	97,29
F	32,32	98,25
F	26,27	98,58
F	14,59	98,02
F	22,83	98,65
F	26,43	97,95
F	23,07	98,40
F	24,51	98,30
F	20,74	97,12
F	21,29	96,46
F	20,62	96,40
F	20,05	94,67
F	17,22	94,27
F	17,45	95,95
F	16,57	96,12
F	15,56	96,21
F	18,35	96,60
F	15,90	94,66
F	11,84	94,69
F	2,98	95,81
F	2,43	96,53
F	4,04	95,60
F	5,35	95,69
F	6,23	94,99
F	3,39	93,48
F	7,18	93,84
G	33,35	75,14
G	37,20	74,71
G	22,15	66,75
G	29,59	66,57
G	30,29	67,36
G	35,81	69,39
G	38,63	66,53
G	30,82	69,78
G	32,38	66,91
G	47,90	66,80
G	40,90	66,58
G	56,04	66,44
G	48,95	64,87
G	41,80	64,54
G	48,87	67,26
G	58,01	67,91
G	56,10	63,82
G	38,11	63,34
G	29,26	66,38
G	62,53	65,83
G	82,47	35,70
G	32,16	74,07
G	32,30	73,51
G	50,21	72,71
G	46,18	69,84
G	35,15	78,70
G	36,34	86,05
G	25,73	90,61
G	29,91	78,22
G	28,44	77,06
G	28,94	66,62
G	39,57	66,62
G	47,83	69,38
G	27,14	70,72
G	33,84	68,46
G	26,58	69,72
G	23,10	72,92
G	22,90	73,20
G	28,76	92,26
G	19,22	96,04
G	15,57	94,29
G	14,07	94,34
G	22,84	95,20
G	17,29	95,21
G	10,27	94,94
G	7,82	95,64
G	4,42	94,69
G	0,93	88,29
G	0,94	82,19
G	1,12	86,46
G	1,86	89,08
G	3,01	90,44
G	3,03	87,59
G	2,88	88,30
G	4,43	88,88
G	4,03	91,59
G	4,24	92,39
G	3,76	93,11
G	4,55	90,46
G	3,73	93,44
G	6,10	93,78
G	8,52	91,95
G	10,03	86,50
G	29,59	88,87
G	29,16	89,07
G	23,17	87,31
G	22,78	85,82
G	29,10	88,14
G	27,21	89,90
G	22,00	90,16
G	26,06	90,49
G	24,68	89,82
G	22,07	90,95
G	20,33	92,28
G	24,46	92,22
G	23,07	93,77
G	23,85	92,00
G	22,48	89,59
G	22,24	96,28
G	24,78	96,84
G	23,97	97,75
G	16,91	98,26
G	17,80	98,25
G	19,70	97,57
G	14,44	98,00
G	21,40	97,93
G	16,87	96,46
G	15,04	96,78
G	15,96	96,83
G	17,32	95,69
G	11,39	95,77
G	12,26	96,21
G	13,50	94,42
G	12,88	96,14
G	16,95	95,54
G	12,82	95,24
G	4,57	91,86
G	1,22	94,01
G	2,85	95,12
G	1,34	94,40
G	2,60	92,31
G	2,02	93,74
G	3,14	93,54
G	1,92	95,16
H	4,58	93,83
H	2,21	74,16
H	1,70	85,78
H	4,97	84,13
H	2,96	86,11
H	5,82	87,27
H	3,38	91,29
H	4,18	95,43
H	5,82	96,46
H	5,38	94,36
H	11,34	96,65
H	4,10	96,02
H	9,79	96,41
H	13,75	94,12
H	2,19	95,40
H	4,58	92,07
H	0,00	94,72
H	3,49	95,16
H	2,16	95,78
H	2,69	94,87
H	4,75	93,85
H	4,29	93,60
H	10,24	92,84
I	12,23	93,61
I	2,41	96,53
I	0,00	96,40
I	2,44	92,41
I	1,20	93,42
I	0,00	93,24
I	23,04	96,21
I	17,26	94,40
I	9,47	94,24
I	12,02	93,54
I	1,26	92,10
I	21,13	95,08
I	6,09	96,69
I	6,85	97,17
I	12,33	91,55
I	5,47	93,63
I	14,96	92,03
I	0,00	98,35
I	2,19	97,62
I	0,00	95,81
I	0,00	96,47
I	21,31	92,81
I	10,63	92,00
I	23,98	89,87
J	22,91	90,10
J	17,00	89,66
J	20,67	82,87
J	22,47	82,49
J	19,91	83,66
J	28,34	86,08
J	16,43	83,92
J	13,98	85,30
J	19,01	84,41
J	16,61	84,39
J	25,19	84,27
J	27,45	83,26
J	32,24	83,32
J	27,92	79,07
J	24,11	82,14
J	27,62	80,09
J	31,46	78,44
J	27,02	78,20
J	19,82	81,34
J	34,61	79,84
J	28,84	42,51
J	19,43	79,68
J	19,39	78,90
J	26,77	76,41
J	28,47	71,37
J	20,44	81,08
J	22,00	82,20
J	22,96	89,70
J	32,47	79,29
J	23,78	76,44
J	31,42	72,04
J	35,21	72,86
J	31,98	76,66
J	25,57	77,33
J	34,54	75,54
J	30,32	77,42
J	29,01	80,85
J	20,59	84,17
J	16,50	95,08
J	17,02	98,14
J	14,21	97,92
J	13,94	96,92
J	15,26	97,62
J	8,10	98,05
J	14,17	97,79
J	16,83	98,57
J	6,84	98,61
J	2,04	98,29
J	0,37	97,42
J	2,18	98,03
J	1,40	97,08
J	1,39	97,92
J	2,40	96,77
J	4,38	96,95
J	4,65	97,95
J	4,74	97,67
J	3,91	98,23
J	4,60	98,56
J	4,27	98,52
J	4,34	98,31
J	3,55	98,01
J	7,34	97,40
J	9,91	93,00
J	28,15	94,51
J	26,72	97,01
J	26,16	97,23
J	31,54	97,34
J	24,68	97,47
J	26,66	97,19
J	36,43	96,37
J	28,30	96,76
J	32,02	95,09
J	31,67	96,11
J	34,98	95,35
J	45,16	96,59
J	34,06	96,13
J	26,98	94,98
J	30,70	93,12
J	27,85	98,10
J	22,74	98,98
J	16,90	98,89
J	17,75	98,20
J	25,56	98,78
J	35,73	98,64
J	28,09	98,27
J	18,36	98,68
J	21,03	98,21
J	17,40	98,28
J	20,89	98,32
J	20,66	97,45
J	17,34	97,87
J	20,36	98,22
J	17,21	97,61
J	23,31	98,26
J	14,10	98,27
J	8,99	97,37
J	7,80	96,74
J	3,04	97,78
J	2,07	98,43
J	3,31	96,64
J	2,77	96,23
J	1,09	96,41
J	2,31	96,36
J	1,99	95,66
K	28,00	87,11
K	29,40	86,29
K	18,79	79,67
K	24,75	79,96
K	42,43	80,40
K	28,22	83,95
K	21,72	80,48
K	45,59	81,71
K	44,73	80,44
K	54,44	77,75
K	61,00	78,41
K	44,94	75,34
K	38,99	77,08
K	50,35	70,63
K	41,55	78,13
K	41,31	78,72
K	44,97	76,12
K	35,75	73,46
K	55,15	77,09
K	39,91	75,11
K	67,76	41,20
K	22,69	80,64
K	31,05	78,10
K	48,46	77,92
K	36,47	72,43
K	22,46	80,57
K	19,37	86,47
K	19,12	86,16
K	32,53	84,44
K	24,76	81,53
K	28,85	72,03
K	28,39	75,26
K	32,10	80,50
K	48,98	78,47
K	47,99	77,87
K	47,69	76,99
K	30,04	80,40
K	19,66	86,53
K	27,21	98,04
K	25,38	98,67
K	11,10	98,82
K	16,99	98,16
K	23,66	98,71
K	27,98	99,08
K	23,72	98,40
K	8,93	97,33
K	7,01	98,97
K	4,68	98,60
K	1,45	98,35
K	0,00	97,70
K	2,38	97,39
K	0,79	97,48
K	0,80	96,25
K	5,72	95,75
K	2,99	95,66
K	8,71	94,78
K	6,34	97,91
K	4,47	98,22
K	2,22	96,74
K	2,71	95,16
K	8,32	94,79
K	5,97	92,09
K	10,98	88,46
K	34,77	87,93
K	31,31	91,03
K	21,94	88,12
K	34,61	90,32
K	29,09	91,37
K	33,83	91,15
K	39,24	86,65
K	30,01	90,55
K	42,58	86,05
K	38,42	90,97
K	31,98	93,69
K	29,18	92,60
K	31,53	92,22
K	48,85	91,72
K	26,04	88,68
K	18,05	96,24
K	21,25	98,68
K	46,57	98,71
K	31,25	98,12
K	33,39	97,13
K	15,61	96,01
K	31,47	96,98
K	30,91	95,94
K	22,22	94,21
K	20,77	93,99
K	8,26	92,65
K	24,17	91,75
K	12,00	92,31
K	21,89	95,44
K	19,09	91,98
K	12,73	94,19
K	8,15	93,96
K	14,19	91,12
K	11,41	92,93
K	3,74	94,40
K	1,44	91,27
K	7,14	86,57
K	2,55	86,87
K	0,90	87,97
K	6,86	88,35
K	2,42	91,56
